"Id","SalePrice"
1461,208219.531066667
1462,175991.014466667
1463,221125.8977
1464,146573.0198
1465,209527.5418
1466,139741.343
1467,130485.729333333
1468,254116.315966667
1469,156491.917066667
1470,324007.978333333
1471,302333.507533333
1472,63766.2978666666
1473,148207.081666667
1474,153475.1513
1475,129104.624666667
1476,140427.941666667
1477,248572.939766667
1478,132363.654233333
1479,101527.773133333
1480,223726.901366667
1481,210937.113166667
1482,219967.579133333
1483,88362.1663666667
1484,252288.5526
1485,187517.8037
1486,93834.0878
1487,127597.187433333
1488,195268.918333333
1489,162519.107233333
1490,265662.362666667
1491,177072.749566667
1492,156145.586633333
1493,179691.479366667
1494,108134.824533333
1495,202725.676666667
1496,314465.359666667
1497,168605.873333333
1498,102053.129233333
1499,137905.343666667
1500,179343.515633333
1501,148085.4973
1502,220066.18
1503,147178.606666667
1504,241055.364433333
1505,149552.940333333
1506,205958.460966667
1507,136978.523933333
1508,223182.618333333
1509,273529.099033333
1510,246333.186533333
1511,300979.243166667
1512,399503.991733333
1513,332895.724366667
1514,188816.264433333
1515,192646.7174
1516,230858.519233333
1517,174472.1248
1518,442540.868733333
1519,137109.0473
1520,124738.470466667
1521,149551.620066667
1522,298812.4346
1523,146167.841466667
1524,167631.845266667
1525,115329.220533333
1526,140833.779133333
1527,146558.223166667
1528,104569.7516
1529,172080.4658
1530,403019.6097
1531,111964.390666667
1532,197812.016
1533,377574.4726
1534,96429.5888
1535,124958.451066667
1536,262947.842933333
1537,234430.2478
1538,186700.675966667
1539,177851.986433333
1540,86087.4270666667
1541,184836.812133333
1542,179103.162933333
1543,148585.595566667
1544,210903.308966667
1545,198937.28
1546,216201.4581
1547,162236.314833333
1548,121886.8088
1549,238342.400966667
1550,143235.718566667
1551,153192.0055
1552,324124.846333333
1553,237683.190133333
1554,96066.3729666667
1555,172252.428233333
1556,120049.6032
1557,322344.075266667
1558,184119.040966667
1559,190071.052433333
1560,341280.3706
1561,244336.375733333
1562,92638.9459
1563,308173.9107
1564,148019.0149
1565,132413.412833333
1566,139188.9165
1567,201093.111566667
1568,189479.086166667
1569,149843.9725
1570,276630.752733333
1571,441595.107333333
1572,108404.073933333
1573,142963.142833333
1574,171463.607066667
1575,139342.442
1576,267344.798133333
1577,109469.358866667
1578,159555.009966667
1579,138938.5578
1580,132398.570833333
1581,191735.331466667
1582,192045.4776
1583,408272.915466667
1584,215628.648133333
1585,133881.035066667
1586,165501.613566667
1587,231412.928233333
1588,114253.8596
1589,322643.251633333
1590,138812.062533333
1591,90704.1942666667
1592,178684.255866667
1593,206030.713833333
1594,116047.666033333
1595,116810.157566667
1596,200282.457133333
1597,123056.627133333
1598,118825.826766667
1599,212136.1564
1600,110417.2969
1601,146521.358866667
1602,401305.331733333
1603,207709.925066667
1604,163516.824333333
1605,144701.643933333
1606,150940.343233333
1607,174803.558433333
1608,138777.321666667
1609,121708.222066667
1610,113249.946133333
1611,222300.541866667
1612,128213.100166667
1613,154603.8004
1614,127926.639333333
1615,97286.6483333333
1616,274270.6819
1617,180104.638633333
1618,116661.9822
1619,124875.304033333
1620,114092.3091
1621,215988.7984
1622,140155.6545
1623,220383.761166667
1624,130255.963
1625,117426.752866667
1626,162120.365133333
1627,176878.969966667
1628,311995.808133333
1629,134922.623233333
1630,124928.459166667
1631,135784.000266667
1632,137522.788333333
1633,151288.508633333
1634,219207.460966667
1635,307499.308
1636,237653.0866
1637,142120.9752
1638,156875.3162
1639,165330.110833333
1640,220301.6132
1641,138226.120333333
1642,192845.754433333
1643,136452.057566667
1644,352944.4988
1645,165049.235933333
1646,379236.359066667
1647,130040.584933333
1648,129010.518366667
1649,360732.940933333
1650,224592.339466667
1651,151085.670033333
1652,172535.602333333
1653,195779.6728
1654,210560.8683
1655,177012.7554
1656,148342.4117
1657,174520.956666667
1658,156112.935966667
1659,321914.6098
1660,144132.954733333
1661,122446.450666667
1662,135958.490166667
1663,119574.8388
1664,219610.833233333
1665,125553.870766667
1666,186961.596233333
1667,229270.2715
1668,112969.2928
1669,133230.0931
1670,137541.209
1671,235809.325866667
1672,165969.164033333
1673,156926.637333333
1674,298439.313133333
1675,329182.9333
1676,194086.845
1677,124841.572066667
1678,162368.233166667
1679,141034.652666667
1680,175503.336666667
1681,192116.108
1682,235330.918133333
1683,149256.873
1684,233367.250866667
1685,196898.357433333
1686,146005.2292
1687,489288.15
1688,166740.454166667
1689,201524.662566667
1690,116740.8212
1691,514797.858133333
1692,136095.168266667
1693,155743.438466667
1694,155169.842133333
1695,276764.4194
1696,151874.943133333
1697,211635.587933333
1698,133416.4769
1699,144921.813066667
1700,164803.565066667
1701,144612.226066667
1702,208773.3154
1703,132042.9302
1704,228506.6508
1705,196774.979
1706,116223.157233333
1707,133729.439166667
1708,196562.3053
1709,314492.9032
1710,121938.644533333
1711,161135.0018
1712,150640.428066667
1713,179984.021966667
1714,129383.812533333
1715,131360.003666667
1716,174915.8117
1717,97548.9985
1718,137830.248833333
1719,247353.621633333
1720,198879.280666667
1721,173177.137533333
1722,200141.675
1723,227410.5468
1724,326633.1927
1725,86971.0374
1726,184446.346566667
1727,152133.519466667
1728,133189.691233333
1729,188422.5665
1730,160516.7885
1731,177602.033633333
1732,146764.9503
1733,113219.8513
1734,176158.8067
1735,163925.173066667
1736,112700.214066667
1737,174711.2946
1738,167877.0548
1739,389527.457
1740,330656.082
1741,186080.957666667
1742,169159.178966667
1743,131910.756433333
1744,121740.5582
1745,218111.447733333
1746,198401.405533333
1747,160086.675866667
1748,236878.126733333
1749,117220.3682
1750,314177.951633333
1751,180818.841066667
1752,192940.674566667
1753,148239.7153
1754,174821.006733333
1755,212321.790066667
1756,302588.316833334
1757,177616.6805
1758,196263.847733333
1759,149575.7378
1760,131628.303533333
1761,183639.157366667
1762,145349.407433333
1763,127349.2795
1764,152102.791
1765,318343.9912
1766,188945.615833333
1767,198772.0575
1768,186853.862733333
1769,188120.918633333
1770,250523.916766667
1771,238585.996733333
1772,105537.512366667
1773,137564.064833333
1774,119425.2142
1775,120377.075833333
1776,158285.1526
1777,220913.566966667
1778,129267.672333333
1779,121833.449166667
1780,229240.161733333
1781,594585.523733333
1782,159298.7916
1783,167476.472533333
1784,225282.214833333
1785,293403.169666667
1786,124302.265666667
1787,115673.404
1788,126512.146866667
1789,184542.199733333
1790,272793.131266667
1791,178814.606666667
1792,222213.564066667
1793,147818.3818
1794,114576.944466667
1795,200180.745766667
1796,120386.910466667
1797,289159.190166667
1798,192310.4083
1799,107610.632366667
1800,136011.3231
1801,121470.7992
1802,239209.167166667
1803,153584.978133333
1804,219054.3463
1805,142093.158866667
1806,194724.639
1807,138045.8596
1808,143581.2609
1809,171299.295833333
1810,206557.240666667
1811,254257.0697
1812,175510.975233333
1813,184252.990966667
1814,149394.512466667
1815,176248.3248
1816,382003.988366667
1817,180148.701933333
1818,136867.277133333
1819,150550.891566667
1820,117943.851333333
1821,151715.4505
1822,146493.5173
1823,224624.121766667
1824,302477.687433333
1825,229850.782633333
1826,138738.824690476
1827,142849.828333333
1828,201008.886433333
1829,265849.4849
1830,113621.9956
1831,235975.1877
1832,177760.601866667
1833,237608.228466667
1834,138859.683166667
1835,172165.677533333
1836,166945.072
1837,106455.462466667
1838,194262.177266667
1839,177881.208833333
1840,345495.0402
1841,162341.670866667
1842,141918.636466667
1843,250835.285666666
1844,90106.895
1845,228086.246166667
1846,147595.861933333
1847,357329.116966667
1848,128813.474
1849,158572.573066667
1850,233617.897933333
1851,138086.342566667
1852,105401.755533333
1853,332924.1028
1854,139411.794
1855,248325.923766667
1856,145137.0132
1857,141689.8726
1858,159544.129966667
1859,271070.791566667
